0 0.6264880952380952 0.5087632275132274 0.013888888888888888 0.09292328042328042
0 0.6428571428571428 0.4829695767195767 0.018849206349206348 0.030753968253968252
0 0.5580357142857143 0.50380291005291 0.017857142857142856 0.08829365079365079
0 0.5782490079365079 0.4884259259259259 0.011160714285714284 0.036375661375661374
0 0.5484871031746031 0.478505291005291 0.006696428571428571 0.022486772486772486
0 0.484375 0.5138888888888888 0.03224206349206349 0.10119047619047619
0 0.4317956349206349 0.515707671957672 0.017361111111111112 0.09556878306878307
1 0.5209573412698413 0.4697420634920635 0.03645833333333333 0.04133597883597884
1 0.3696676587301587 0.48164682539682535 0.03844246031746031 0.0333994708994709
1 0.3458581349206349 0.48164682539682535 0.020089285714285712 0.0333994708994709
1 0.32465277777777773 0.48578042328042326 0.017361111111111112 0.0291005291005291
1 0.22383432539682538 0.48759920634920634 0.04786706349206349 0.048611111111111105
0 0.17819940476190474 0.49090608465608465 0.02901785714285714 0.06117724867724868
0 0.26078869047619047 0.4923941798941799 0.029513888888888888 0.06018518518518518
0 0.28125 0.4985119047619047 0.013888888888888888 0.07242063492063491
0 0.01450892857142857 0.49371693121693117 0.021577380952380952 0.05291005291005291
1 0.1243799603174603 0.5031415343915344 0.07564484126984126 0.07242063492063491
1 0.3023313492063492 0.4887566137566137 0.029265873015873016 0.04894179894179894
