0 0.6749751984126984 0.5226521164021164 0.03695436507936508 0.14186507936507936
0 0.7036210317460317 0.5183531746031745 0.020833333333333332 0.09027777777777778
0 0.3954613095238095 0.4993386243386243 0.021081349206349204 0.09391534391534391
0 0.42795138888888884 0.501984126984127 0.022073412698412696 0.0873015873015873
0 0.4489087301587301 0.50380291005291 0.018849206349206348 0.07837301587301587
0 0.316344246031746 0.5130621693121693 0.029513888888888888 0.11011904761904762
0 0.12624007936507936 0.4897486772486772 0.018849206349206348 0.09457671957671956
0 0.16331845238095238 0.4541997354497354 0.010168650793650792 0.02414021164021164
0 0.17621527777777776 0.4748677248677248 0.009672619047619048 0.057539682539682536
0 0.23809523809523808 0.4801587301587301 0.016369047619047616 0.0496031746031746
0 0.957093253968254 0.550760582010582 0.04811507936507936 0.1749338624338624
