0 0.3792162698412698 0.517361111111111 0.025297619047619048 0.11739417989417988
0 0.4126984126984127 0.5024801587301587 0.023809523809523808 0.09755291005291004
0 0.4419642857142857 0.5117394179894179 0.02232142857142857 0.09755291005291004
0 0.4995039682539682 0.5011574074074073 0.019345238095238096 0.0830026455026455
0 0.535218253968254 0.5014880952380952 0.019345238095238096 0.09027777777777778
0 0.4817708333333333 0.4837962962962963 0.012648809523809524 0.037037037037037035
0 0.329985119047619 0.5117394179894179 0.016617063492063492 0.10218253968253968
0 0.27033730158730157 0.5241402116402116 0.061507936507936505 0.11838624338624337
1 0.22395833333333331 0.47900132275132273 0.05505952380952381 0.04067460317460317
1 0.17249503968253968 0.4821428571428571 0.05183531746031746 0.051587301587301584
0 0.14074900793650794 0.49636243386243384 0.05084325396825397 0.07804232804232804
1 0.03224206349206349 0.4942129629629629 0.06398809523809523 0.05588624338624339
1 0.09759424603174603 0.4811507936507936 0.043402777777777776 0.05489417989417989
