0 0.6715029761904762 0.5183531746031745 0.04241071428571428 0.1359126984126984
0 0.7026289682539683 0.517526455026455 0.020833333333333332 0.0873015873015873
0 0.9578373015873015 0.552579365079365 0.04811507936507936 0.17129629629629628
0 0.3959573412698412 0.49884259259259256 0.018601190476190476 0.0916005291005291
0 0.4281994047619047 0.49867724867724866 0.023561507936507936 0.08002645502645503
0 0.44940476190476186 0.5016534391534391 0.016369047619047616 0.07804232804232804
0 0.2374751984126984 0.48048941798941797 0.016617063492063492 0.0496031746031746
0 0.15885416666666666 0.4829695767195767 0.01810515873015873 0.05257936507936507
0 0.1277281746031746 0.48925264550264547 0.0183531746031746 0.09226190476190475
0 0.16393849206349206 0.453042328042328 0.00992063492063492 0.022486772486772486
0 0.31746031746031744 0.5145502645502645 0.034722222222222224 0.12764550264550265
