0 0.5590277777777778 0.5092592592592592 0.0248015873015873 0.08134920634920634
0 0.4339037698412698 0.5152116402116402 0.016617063492063492 0.08994708994708994
0 0.486235119047619 0.513558201058201 0.031001984126984124 0.10052910052910052
0 0.5778769841269841 0.4872685185185185 0.011408730158730158 0.03736772486772487
1 0.5204613095238095 0.4712301587301587 0.03794642857142857 0.042328042328042326
1 0.36941964285714285 0.48230820105820105 0.03943452380952381 0.0333994708994709
1 0.34399801587301587 0.48065476190476186 0.013392857142857142 0.034060846560846555
1 0.32428075396825395 0.48495370370370366 0.017113095238095236 0.030753968253968252
0 0.2605406746031746 0.49289021164021163 0.027033730158730156 0.06316137566137565
0 0.28000992063492064 0.49785052910052907 0.016369047619047616 0.07374338624338624
0 0.17720734126984125 0.49189814814814814 0.03050595238095238 0.06448412698412698
0 0.626984126984127 0.5074404761904762 0.015376984126984126 0.08763227513227513
0 0.6438492063492063 0.4829695767195767 0.016369047619047616 0.02943121693121693
1 0.3022073412698413 0.4871031746031746 0.027529761904761904 0.046296296296296294
1 0.22507440476190474 0.4861111111111111 0.04935515873015873 0.04894179894179894
1 0.12239583333333333 0.5 0.07961309523809523 0.06613756613756613
0 0.012896825396825396 0.4938822751322751 0.024305555555555552 0.053902116402116396
