1 0.05394345238095238 0.5595238095238095 0.06721230158730158 0.07473544973544974
0 0.3523065476190476 0.583994708994709 0.03050595238095238 0.17724867724867724
0 0.47817460317460314 0.5368716931216931 0.016865079365079364 0.06382275132275132
0 0.9280753968253967 0.5115740740740741 0.016865079365079364 0.07738095238095238
0 0.6968005952380952 0.5124007936507936 0.010168650793650792 0.0367063492063492
0 0.11011904761904762 0.5419973544973544 0.00744047619047619 0.021164021164021163
0 0.12686011904761904 0.5393518518518519 0.007688492063492063 0.027777777777777776
0 0.261656746031746 0.5385251322751322 0.008928571428571428 0.03736772486772487
0 0.23363095238095236 0.5395171957671957 0.008432539682539682 0.03009259259259259
0 0.31907242063492064 0.5368716931216931 0.011160714285714284 0.04265873015873016
0 0.27194940476190477 0.5338955026455026 0.008680555555555556 0.026785714285714284
