0 0.37834821428571425 0.5170304232804233 0.021577380952380952 0.11673280423280423
0 0.4125744047619047 0.5028108465608465 0.021577380952380952 0.09689153439153439
0 0.4419642857142857 0.5162037037037037 0.028769841269841268 0.10383597883597884
0 0.4827628968253968 0.4821428571428571 0.012152777777777776 0.03505291005291005
0 0.46999007936507936 0.47619047619047616 0.008432539682539682 0.027116402116402115
0 0.49987599206349204 0.5008267195767195 0.01810515873015873 0.08564814814814814
0 0.5353422619047619 0.5008267195767195 0.020089285714285712 0.08697089947089946
0 0.4489087301587301 0.47205687830687826 0.003968253968253968 0.016203703703703703
0 0.45362103174603174 0.47271825396825395 0.003968253968253968 0.016865079365079364
0 0.2699652777777778 0.5271164021164021 0.05977182539682539 0.11375661375661375
0 0.33048115079365076 0.5122354497354497 0.016617063492063492 0.09656084656084656
0 0.138640873015873 0.49652777777777773 0.05257936507936507 0.08101851851851852
1 0.029513888888888888 0.49553571428571425 0.05803571428571428 0.05720899470899471
0 0.06944444444444445 0.4775132275132275 0.012896825396825396 0.041005291005291
1 0.09722222222222221 0.47900132275132273 0.03968253968253968 0.05257936507936507
1 0.17237103174603174 0.48230820105820105 0.05257936507936507 0.05191798941798942
1 0.22395833333333331 0.4775132275132275 0.05257936507936507 0.04365079365079365
